u16_ntie1            67.32      85.22      85.60
u16_ntie256          61.49      84.08      84.15
u16_ntie64           64.67      85.22      85.29
u16_ntie8            57.24      85.82      86.20
u1_ntie1             69.98      84.84      84.84
u1_ntie256           67.70      84.53      84.53
u1_ntie64            69.37      85.44      85.52
u1_ntie8             68.61      84.91      84.91
u4_ntie1             71.49      85.52      85.75
u4_ntie256           68.46      85.22      85.22
u4_ntie64            66.49      84.15      84.15
u4_ntie8             68.61      84.69      84.99
u64_ntie1            21.91      84.91      85.29
u64_ntie256          64.29      85.14      85.22
u64_ntie64           70.13      85.14      85.37
u64_ntie8            54.74      85.67      85.97
